Igrac 1 - Aleksandar
Figura 0 ( SUPER BRZA FIGURA ZELENA ) predjeni put ( [4, 0, 5, 1, 6, 2, 7, 3, 8, 4, 7, 5, 6, 6, 5, 7, 4, 8, 3, 7, 2, 6, 1, 5, 0, 4, 1, 3, 2, 2, 3, 1, 4, 1, 5, 2, 6, 3] ) - stigla do cilja (ne)
Figura 1 ( OBICNA FIGURA ZELENA ) predjeni put ( [4, 0, 5, 1, 6, 2, 7, 3, 8, 4, 7, 5, 6, 6, 5, 7, 4, 8, 3, 7, 2, 6, 1, 5, 0, 4, 1, 3, 2, 2, 3, 1, 4, 1, 5, 2, 6, 3, 7, 4] ) - stigla do cilja (ne)
Figura 2 ( LEBDECA FIGURA ZELENA ) predjeni put ( [4, 0, 5, 1, 6, 2, 7, 3, 8, 4, 7, 5, 6, 6, 5, 7, 4, 8, 3, 7, 2, 6, 1, 5, 0, 4, 1, 3, 2, 2, 3, 1, 4, 1, 5, 2, 6, 3, 7, 4, 6, 5, 5, 6, 4, 7, 3, 6, 2, 5, 1, 4, 2, 3, 3, 2, 4, 2, 5, 3, 6, 4, 5, 5, 4, 6, 3, 5, 2, 4, 3, 3, 4, 3, 5, 4, 4, 5, 3, 4, 4, 4] ) - stigla do cilja (da)
Figura 3 ( SUPER BRZA FIGURA ZELENA ) predjeni put ( [4, 0, 5, 1, 6, 2, 7, 3, 8, 4, 7, 5, 6, 6, 5, 7, 4, 8, 3, 7, 2, 6, 1, 5, 0, 4, 1, 3, 2, 2, 3, 1, 4, 1, 5, 2, 6, 3, 7, 4, 6, 5, 5, 6, 4, 7] ) - stigla do cilja (ne)
Igrac 2 - Dajan
Figura 4 ( OBICNA FIGURA PLAVA ) predjeni put ( [4, 0, 5, 1, 6, 2, 7, 3, 8, 4, 7, 5, 6, 6, 5, 7, 4, 8, 3, 7, 2, 6, 1, 5, 0, 4, 1, 3, 2, 2, 3, 1, 4, 1] ) - stigla do cilja (ne)
Figura 5 ( SUPER BRZA FIGURA PLAVA ) predjeni put ( [4, 0, 5, 1, 6, 2, 7, 3, 8, 4, 7, 5, 6, 6, 5, 7, 4, 8, 3, 7, 2, 6, 1, 5, 0, 4, 1, 3, 2, 2, 3, 1, 4, 1, 5, 2, 6, 3, 7, 4, 6, 5, 5, 6, 4, 7, 3, 6, 2, 5, 1, 4, 2, 3, 3, 2, 4, 2, 5, 3, 6, 4, 5, 5, 4, 6, 3, 5, 2, 4, 3, 3, 4, 3, 5, 4, 4, 5, 3, 4] ) - stigla do cilja (da)
Figura 6 ( SUPER BRZA FIGURA PLAVA ) predjeni put ( [4, 0, 5, 1, 6, 2, 7, 3, 8, 4, 7, 5, 6, 6, 5, 7, 4, 8, 3, 7, 2, 6, 1, 5, 0, 4, 1, 3, 2, 2, 3, 1, 4, 1, 5, 2, 6, 3, 7, 4, 6, 5, 5, 6, 4, 7, 3, 6, 2, 5, 1, 4, 2, 3, 3, 2, 4, 2, 5, 3, 6, 4, 5, 5, 4, 6, 3, 5, 2, 4, 3, 3, 4, 3, 5, 4, 4, 5, 3, 4] ) - stigla do cilja (da)
Figura 7 ( SUPER BRZA FIGURA PLAVA ) predjeni put ( [4, 0, 5, 1, 6, 2, 7, 3, 8, 4, 7, 5, 6, 6, 5, 7, 4, 8] ) - stigla do cilja (ne)
Igrac 3 - Bojan
Figura 8 ( LEBDECA FIGURA CRVENA ) predjeni put ( [4, 0, 5, 1, 6, 2, 7, 3, 8, 4, 7, 5, 6, 6, 5, 7, 4, 8, 3, 7, 2, 6, 1, 5, 0, 4, 1, 3, 2, 2, 3, 1, 4, 1, 5, 2, 6, 3, 7, 4, 6, 5, 5, 6, 4, 7, 3, 6, 2, 5, 1, 4, 2, 3, 3, 2, 4, 2, 5, 3, 6, 4, 5, 5, 4, 6, 3, 5, 2, 4, 3, 3, 4, 3, 5, 4, 4, 5, 3, 4] ) - stigla do cilja (da)
Figura 9 ( SUPER BRZA FIGURA CRVENA ) predjeni put ( [4, 0, 5, 1, 6, 2, 7, 3, 8, 4, 7, 5, 6, 6, 5, 7, 4, 8, 3, 7, 2, 6, 1, 5, 0, 4, 1, 3, 2, 2, 3, 1, 4, 1, 5, 2, 6, 3, 7, 4, 6, 5, 5, 6, 4, 7, 3, 6, 2, 5, 1, 4, 2, 3, 3, 2, 4, 2, 5, 3, 6, 4, 5, 5, 4, 6, 3, 5, 2, 4, 3, 3, 4, 3, 5, 4, 4, 5, 3, 4] ) - stigla do cilja (da)
Figura 10 ( LEBDECA FIGURA CRVENA ) predjeni put ( [4, 0, 5, 1, 6, 2, 7, 3, 8, 4, 7, 5, 6, 6, 5, 7, 4, 8, 3, 7, 2, 6, 1, 5, 0, 4, 1, 3, 2, 2, 3, 1, 4, 1, 5, 2, 6, 3, 7, 4, 6, 5, 5, 6, 4, 7, 3, 6, 2, 5, 1, 4, 2, 3, 3, 2, 4, 2, 5, 3, 6, 4, 5, 5, 4, 6, 3, 5, 2, 4, 3, 3, 4, 3, 5, 4, 4, 5, 3, 4] ) - stigla do cilja (da)
Figura 11 ( OBICNA FIGURA CRVENA ) predjeni put ( [4, 0, 5, 1, 6, 2, 7, 3, 8, 4, 7, 5, 6, 6] ) - stigla do cilja (ne)
Igrac 4 - Srdjan
Figura 12 ( OBICNA FIGURA ZUTA ) predjeni put ( [4, 0, 5, 1, 6, 2, 7, 3, 8, 4, 7, 5, 6, 6, 5, 7, 4, 8, 3, 7, 2, 6, 1, 5, 0, 4, 1, 3, 2, 2, 3, 1, 4, 1, 5, 2, 6, 3, 7, 4, 6, 5, 5, 6, 4, 7, 3, 6, 2, 5, 1, 4, 2, 3, 3, 2, 4, 2, 5, 3, 6, 4, 5, 5, 4, 6, 3, 5, 2, 4, 3, 3, 4, 3, 5, 4, 4, 5, 3, 4] ) - stigla do cilja (da)
Figura 13 ( SUPER BRZA FIGURA ZUTA ) predjeni put ( [4, 0, 5, 1, 6, 2, 7, 3, 8, 4, 7, 5, 6, 6, 5, 7, 4, 8, 3, 7, 2, 6, 1, 5, 0, 4, 1, 3, 2, 2, 3, 1, 4, 1, 5, 2, 6, 3, 7, 4, 6, 5, 5, 6, 4, 7, 3, 6, 2, 5, 1, 4, 2, 3, 3, 2, 4, 2, 5, 3, 6, 4, 5, 5, 4, 6, 3, 5, 2, 4, 3, 3, 4, 3, 5, 4, 4, 5, 3, 4] ) - stigla do cilja (da)
Figura 14 ( SUPER BRZA FIGURA ZUTA ) predjeni put ( [4, 0, 5, 1, 6, 2, 7, 3, 8, 4, 7, 5, 6, 6, 5, 7, 4, 8, 3, 7, 2, 6, 1, 5, 0, 4, 1, 3, 2, 2, 3, 1, 4, 1, 5, 2, 6, 3, 7, 4, 6, 5, 5, 6, 4, 7, 3, 6, 2, 5, 1, 4, 2, 3, 3, 2, 4, 2, 5, 3, 6, 4, 5, 5, 4, 6, 3, 5, 2, 4, 3, 3, 4, 3, 5, 4, 4, 5, 3, 4] ) - stigla do cilja (da)
Figura 15 ( LEBDECA FIGURA ZUTA ) predjeni put ( [4, 0, 5, 1, 6, 2, 7, 3, 8, 4, 7, 5, 6, 6, 5, 7, 4, 8, 3, 7, 2, 6, 1, 5, 0, 4, 1, 3, 2, 2, 3, 1, 4, 1, 5, 2, 6, 3, 7, 4, 6, 5, 5, 6, 4, 7, 3, 6, 2, 5, 1, 4, 2, 3, 3, 2, 4, 2, 5, 3, 6, 4, 5, 5, 4, 6, 3, 5, 2, 4, 3, 3, 4, 3, 5, 4, 4, 5, 3, 4] ) - stigla do cilja (da)
Ukupno vrijeme trajanja igre je: 317 s.
